SARSA算法实验结果
==================================================

环境参数:
网格大小: 4 x 12
起点位置: (3, 0)
终点位置: (3, 11)
悬崖位置: [(3, 1), (3, 2), (3, 3), (3, 4), (3, 5), (3, 6), (3, 7), (3, 8), (3, 9), (3, 10)]

训练参数:
训练回合数: 1000
学习率(alpha): 0.1
折扣因子(gamma): 1.0
探索率(epsilon): 0.1

性能统计:
平均奖励(最后100回合): -16.70
奖励标准差: 10.16
最佳奖励: -14
最差奖励: -116
平均步数: 16.7

最优策略矩阵:
1 1 1 1 1 1 1 1 1 1 1 2
1 1 1 1 1 1 1 1 1 1 2 2
0 1 0 0 1 0 0 1 1 0 1 2
0 0 0 0 0 0 0 0 0 0 0 0

(0=上, 1=右, 2=下, 3=左)

Q值统计:
最大Q值: 0.0000
最小Q值: -114.2655
平均Q值: -9.4552
